1.6195e-17 1.2936e+00 1.6196e-17
1.6549e-17 1.3508e+00 1.6550e-17
1.6912e-17 1.4106e+00 1.6912e-17
1.7281e-17 1.4730e+00 1.7282e-17
1.7660e-17 1.5381e+00 1.7660e-17
1.8046e-17 1.6061e+00 1.8047e-17
1.8441e-17 1.6772e+00 1.8441e-17
1.8844e-17 1.7514e+00 1.8845e-17
1.9256e-17 1.8288e+00 1.9257e-17
1.9677e-17 1.9097e+00 1.9678e-17
2.0108e-17 1.9942e+00 2.0109e-17
2.0548e-17 2.0824e+00 2.0549e-17
2.0997e-17 2.1745e+00 2.0998e-17
2.1457e-17 2.2707e+00 2.1457e-17
2.1926e-17 2.3711e+00 2.1927e-17
2.2406e-17 2.4760e+00 2.2406e-17
2.2896e-17 2.5855e+00 2.2897e-17
2.3397e-17 2.6998e+00 2.3397e-17
2.3908e-17 2.8192e+00 2.3909e-17
2.4431e-17 2.9439e+00 2.4432e-17
2.4966e-17 3.0741e+00 2.4967e-17
2.5512e-17 3.2101e+00 2.5513e-17
2.6070e-17 3.3521e+00 2.6071e-17
2.6640e-17 3.5003e+00 2.6641e-17
2.7223e-17 3.6552e+00 2.7224e-17
2.7819e-17 3.8168e+00 2.7820e-17
2.8427e-17 3.9856e+00 2.8428e-17
2.9049e-17 4.1619e+00 2.9050e-17
2.9684e-17 4.3460e+00 2.9686e-17
3.0334e-17 4.5382e+00 3.0335e-17
3.0997e-17 4.7389e+00 3.0999e-17
3.1675e-17 4.9485e+00 3.1677e-17
3.2368e-17 5.1674e+00 3.2370e-17
3.3076e-17 5.3960e+00 3.3078e-17
3.3800e-17 5.6346e+00 3.3801e-17
3.4539e-17 5.8838e+00 3.4541e-17
3.5295e-17 6.1441e+00 3.5296e-17
3.6067e-17 6.4158e+00 3.6068e-17
3.6856e-17 6.6996e+00 3.6857e-17
3.7662e-17 6.9959e+00 3.7664e-17
3.8486e-17 7.3053e+00 3.8488e-17
3.9328e-17 7.6284e+00 3.9330e-17
4.0188e-17 7.9658e+00 4.0190e-17
4.1068e-17 8.3182e+00 4.1069e-17
4.1966e-17 8.6861e+00 4.1968e-17
4.2884e-17 9.0703e+00 4.2886e-17
4.3822e-17 9.4714e+00 4.3824e-17
4.4781e-17 9.8903e+00 4.4782e-17
4.5760e-17 1.0328e+01 4.5762e-17
4.6761e-17 1.0785e+01 4.6763e-17
4.7784e-17 1.1262e+01 4.7786e-17
4.8829e-17 1.1760e+01 4.8831e-17
4.9898e-17 1.2280e+01 4.9900e-17
5.0989e-17 1.2823e+01 5.0991e-17
5.2105e-17 1.3390e+01 5.2107e-17
5.3244e-17 1.3982e+01 5.3246e-17
5.4409e-17 1.4601e+01 5.4411e-17
5.5599e-17 1.5246e+01 5.5601e-17
5.6816e-17 1.5921e+01 5.6818e-17
5.8058e-17 1.6625e+01 5.8061e-17
5.9328e-17 1.7360e+01 5.9331e-17
6.0626e-17 1.8128e+01 6.0629e-17
6.1953e-17 1.8930e+01 6.1955e-17
6.3308e-17 1.9767e+01 6.3310e-17
6.4693e-17 2.0641e+01 6.4695e-17
6.6108e-17 2.1554e+01 6.6110e-17
6.7554e-17 2.2508e+01 6.7557e-17
6.9032e-17 2.3503e+01 6.9034e-17
7.0542e-17 2.4543e+01 7.0545e-17
7.2085e-17 2.5628e+01 7.2088e-17
7.3662e-17 2.6762e+01 7.3665e-17
7.5273e-17 2.7945e+01 7.5276e-17
7.6920e-17 2.9181e+01 7.6923e-17
7.8603e-17 3.0472e+01 7.8606e-17
8.0322e-17 3.1820e+01 8.0325e-17
8.2079e-17 3.3227e+01 8.2082e-17
8.3875e-17 3.4697e+01 8.3878e-17
8.5709e-17 3.6231e+01 8.5713e-17
8.7584e-17 3.7834e+01 8.7588e-17
8.9500e-17 3.9507e+01 8.9504e-17
9.1458e-17 4.1255e+01 9.1462e-17
9.3459e-17 4.3079e+01 9.3462e-17
9.5503e-17 4.4985e+01 9.5507e-17
9.7592e-17 4.6974e+01 9.7596e-17
9.9727e-17 4.9052e+01 9.9731e-17
1.0191e-16 5.1221e+01 1.0191e-16
1.0414e-16 5.3487e+01 1.0414e-16
1.0642e-16 5.5852e+01 1.0642e-16
1.0874e-16 5.8323e+01 1.0875e-16
1.1112e-16 6.0902e+01 1.1113e-16
1.1355e-16 6.3596e+01 1.1356e-16
1.1604e-16 6.6409e+01 1.1604e-16
1.1858e-16 6.9346e+01 1.1858e-16
1.2117e-16 7.2413e+01 1.2117e-16
1.2382e-16 7.5616e+01 1.2383e-16
1.2653e-16 7.8960e+01 1.2653e-16
1.2930e-16 8.2452e+01 1.2930e-16
1.3213e-16 8.6099e+01 1.3213e-16
1.3502e-16 8.9907e+01 1.3502e-16
1.3797e-16 9.3884e+01 1.3797e-16
1.4099e-16 9.8036e+01 1.4099e-16
1.4407e-16 1.0237e+02 1.4408e-16
1.4722e-16 1.0690e+02 1.4723e-16
1.5044e-16 1.1163e+02 1.5045e-16
1.5373e-16 1.1657e+02 1.5374e-16
1.5710e-16 1.2172e+02 1.5710e-16
1.6053e-16 1.2710e+02 1.6054e-16
1.6405e-16 1.3273e+02 1.6405e-16
1.6763e-16 1.3860e+02 1.6764e-16
1.7130e-16 1.4473e+02 1.7131e-16
1.7505e-16 1.5113e+02 1.7506e-16
1.7888e-16 1.5781e+02 1.7889e-16
1.8279e-16 1.6479e+02 1.8280e-16
1.8679e-16 1.7208e+02 1.8680e-16
1.9088e-16 1.7969e+02 1.9088e-16
1.9505e-16 1.8764e+02 1.9506e-16
1.9932e-16 1.9594e+02 1.9933e-16
2.0368e-16 2.0460e+02 2.0369e-16
2.0813e-16 2.1365e+02 2.0814e-16
2.1269e-16 2.2310e+02 2.1270e-16
2.1734e-16 2.3297e+02 2.1735e-16
2.2209e-16 2.4327e+02 2.2210e-16
2.2695e-16 2.5403e+02 2.2696e-16
2.3192e-16 2.6527e+02 2.3193e-16
2.3699e-16 2.7700e+02 2.3700e-16
2.4218e-16 2.8925e+02 2.4218e-16
2.4747e-16 3.0205e+02 2.4748e-16
2.5289e-16 3.1540e+02 2.5290e-16
2.5842e-16 3.2935e+02 2.5843e-16
2.6407e-16 3.4392e+02 2.6408e-16
2.6985e-16 3.5913e+02 2.6986e-16
2.7575e-16 3.7502e+02 2.7576e-16
2.8178e-16 3.9160e+02 2.8179e-16
2.8795e-16 4.0892e+02 2.8796e-16
2.9425e-16 4.2701e+02 2.9426e-16
3.0068e-16 4.4589e+02 3.0069e-16
3.0726e-16 4.6562e+02 3.0727e-16
3.1398e-16 4.8621e+02 3.1399e-16
3.2085e-16 5.0771e+02 3.2086e-16
3.2787e-16 5.3017e+02 3.2788e-16
3.3504e-16 5.5362e+02 3.3505e-16
3.4237e-16 5.7810e+02 3.4238e-16
3.4986e-16 6.0367e+02 3.4987e-16
3.5751e-16 6.3037e+02 3.5753e-16
3.6533e-16 6.5825e+02 3.6535e-16
3.7333e-16 6.8736e+02 3.7334e-16
3.8149e-16 7.1776e+02 3.8151e-16
3.8984e-16 7.4951e+02 3.8985e-16
3.9837e-16 7.8266e+02 3.9838e-16
4.0708e-16 8.1727e+02 4.0710e-16
4.1599e-16 8.5342e+02 4.1600e-16
4.2509e-16 8.9117e+02 4.2510e-16
4.3438e-16 9.3058e+02 4.3440e-16
4.4389e-16 9.7174e+02 4.4390e-16
4.5360e-16 1.0147e+03 4.5361e-16
4.6352e-16 1.0596e+03 4.6354e-16
4.7366e-16 1.1065e+03 4.7368e-16
4.8402e-16 1.1554e+03 4.8404e-16
4.9461e-16 1.2065e+03 4.9463e-16
5.0543e-16 1.2599e+03 5.0545e-16
5.1648e-16 1.3156e+03 5.1650e-16
5.2778e-16 1.3738e+03 5.2780e-16
5.3933e-16 1.4345e+03 5.3935e-16
5.5113e-16 1.4980e+03 5.5115e-16
5.6318e-16 1.5642e+03 5.6320e-16
5.7550e-16 1.6334e+03 5.7552e-16
5.8809e-16 1.7056e+03 5.8811e-16
6.0096e-16 1.7811e+03 6.0098e-16
6.1410e-16 1.8598e+03 6.1413e-16
6.2754e-16 1.9421e+03 6.2756e-16
6.4126e-16 2.0280e+03 6.4129e-16
6.5529e-16 2.1177e+03 6.5532e-16
6.6963e-16 2.2113e+03 6.6965e-16
6.8427e-16 2.3091e+03 6.8430e-16
6.9924e-16 2.4113e+03 6.9927e-16
7.1454e-16 2.5179e+03 7.1457e-16
7.3017e-16 2.6293e+03 7.3020e-16
7.4614e-16 2.7456e+03 7.4617e-16
7.6247e-16 2.8670e+03 7.6250e-16
7.7914e-16 2.9938e+03 7.7918e-16
7.9619e-16 3.1262e+03 7.9622e-16
8.1361e-16 3.2645e+03 8.1364e-16
8.3140e-16 3.4088e+03 8.3144e-16
8.4959e-16 3.5596e+03 8.4962e-16
8.6818e-16 3.7170e+03 8.6821e-16
8.8717e-16 3.8814e+03 8.8720e-16
9.0658e-16 4.0531e+03 9.0661e-16
9.2641e-16 4.2323e+03 9.2644e-16
9.4667e-16 4.4195e+03 9.4671e-16
9.6738e-16 4.6150e+03 9.6742e-16
9.8854e-16 4.8191e+03 9.8858e-16
1.0102e-15 5.0322e+03 1.0102e-15
1.0323e-15 5.2548e+03 1.0323e-15
1.0548e-15 5.4871e+03 1.0549e-15
1.0779e-15 5.7298e+03 1.0780e-15
1.1015e-15 5.9832e+03 1.1015e-15
1.1256e-15 6.2478e+03 1.1256e-15
1.1502e-15 6.5242e+03 1.1503e-15
1.1754e-15 6.8127e+03 1.1754e-15
1.2011e-15 7.1140e+03 1.2011e-15
1.2274e-15 7.4286e+03 1.2274e-15
1.2542e-15 7.7571e+03 1.2543e-15
1.2817e-15 8.1002e+03 1.2817e-15
1.3097e-15 8.4584e+03 1.3097e-15
1.3383e-15 8.8325e+03 1.3384e-15
1.3676e-15 9.2231e+03 1.3677e-15
1.3975e-15 9.6310e+03 1.3976e-15
1.4281e-15 1.0057e+04 1.4282e-15
1.4593e-15 1.0502e+04 1.4594e-15
1.4913e-15 1.0966e+04 1.4913e-15
1.5239e-15 1.1451e+04 1.5240e-15
1.5572e-15 1.1958e+04 1.5573e-15
1.5913e-15 1.2486e+04 1.5914e-15
1.6261e-15 1.3039e+04 1.6262e-15
1.6617e-15 1.3615e+04 1.6617e-15
1.6980e-15 1.4217e+04 1.6981e-15
1.7352e-15 1.4846e+04 1.7352e-15
1.7731e-15 1.5503e+04 1.7732e-15
1.8119e-15 1.6188e+04 1.8120e-15
1.8516e-15 1.6904e+04 1.8516e-15
1.8921e-15 1.7652e+04 1.8921e-15
1.9334e-15 1.8432e+04 1.9335e-15
1.9757e-15 1.9247e+04 1.9758e-15
2.0190e-15 2.0098e+04 2.0190e-15
2.0631e-15 2.0987e+04 2.0632e-15
2.1083e-15 2.1915e+04 2.1083e-15
2.1544e-15 2.2885e+04 2.1545e-15
2.2015e-15 2.3897e+04 2.2016e-15
2.2497e-15 2.4953e+04 2.2497e-15
2.2989e-15 2.6057e+04 2.2990e-15
2.3492e-15 2.7209e+04 2.3493e-15
2.4006e-15 2.8412e+04 2.4006e-15
2.4531e-15 2.9669e+04 2.4532e-15
2.5067e-15 3.0981e+04 2.5068e-15
2.5616e-15 3.2351e+04 2.5617e-15
2.6176e-15 3.3781e+04 2.6177e-15
2.6749e-15 3.5275e+04 2.6750e-15
2.7334e-15 3.6835e+04 2.7335e-15
2.7932e-15 3.8464e+04 2.7933e-15
2.8543e-15 4.0165e+04 2.8544e-15
2.9167e-15 4.1941e+04 2.9168e-15
2.9805e-15 4.3795e+04 2.9806e-15
3.0457e-15 4.5732e+04 3.0458e-15
3.1123e-15 4.7754e+04 3.1125e-15
3.1804e-15 4.9866e+04 3.1805e-15
3.2500e-15 5.2071e+04 3.2501e-15
3.3211e-15 5.4374e+04 3.3212e-15
3.3937e-15 5.6778e+04 3.3939e-15
3.4680e-15 5.9288e+04 3.4681e-15
3.5438e-15 6.1910e+04 3.5440e-15
3.6214e-15 6.4648e+04 3.6215e-15
3.7006e-15 6.7506e+04 3.7007e-15
3.7815e-15 7.0491e+04 3.7817e-15
3.8643e-15 7.3608e+04 3.8644e-15
3.9488e-15 7.6863e+04 3.9489e-15
4.0352e-15 8.0261e+04 4.0353e-15
4.1234e-15 8.3810e+04 4.1236e-15
4.2136e-15 8.7516e+04 4.2138e-15
4.3058e-15 9.1385e+04 4.3060e-15
4.4000e-15 9.5426e+04 4.4002e-15
4.4963e-15 9.9645e+04 4.4964e-15
4.5946e-15 1.0405e+05 4.5948e-15
4.6951e-15 1.0865e+05 4.6953e-15
4.7978e-15 1.1346e+05 4.7980e-15
4.9028e-15 1.1847e+05 4.9030e-15
5.0100e-15 1.2371e+05 5.0102e-15
5.1196e-15 1.2918e+05 5.1198e-15
5.2316e-15 1.3489e+05 5.2318e-15
5.3461e-15 1.4085e+05 5.3463e-15
5.4630e-15 1.4708e+05 5.4632e-15
5.5825e-15 1.5358e+05 5.5827e-15
5.7046e-15 1.6037e+05 5.7049e-15
5.8294e-15 1.6747e+05 5.8297e-15
5.9570e-15 1.7487e+05 5.9572e-15
6.0873e-15 1.8260e+05 6.0875e-15
6.2204e-15 1.9067e+05 6.2207e-15
6.3565e-15 1.9910e+05 6.3568e-15
6.4956e-15 2.0790e+05 6.4958e-15
6.6376e-15 2.1709e+05 6.6379e-15
6.7828e-15 2.2669e+05 6.7831e-15
6.9312e-15 2.3671e+05 6.9315e-15
7.0829e-15 2.4718e+05 7.0831e-15
7.2378e-15 2.5810e+05 7.2381e-15
7.3961e-15 2.6951e+05 7.3964e-15
7.5579e-15 2.8143e+05 7.5582e-15
7.7232e-15 2.9387e+05 7.7235e-15
7.8922e-15 3.0686e+05 7.8925e-15
8.0648e-15 3.2042e+05 8.0652e-15
8.2413e-15 3.3459e+05 8.2416e-15
8.4215e-15 3.4938e+05 8.4219e-15
8.6058e-15 3.6482e+05 8.6061e-15
8.7940e-15 3.8094e+05 8.7944e-15
8.9864e-15 3.9778e+05 8.9867e-15
9.1830e-15 4.1536e+05 9.1833e-15
9.3839e-15 4.3372e+05 9.3842e-15
9.5891e-15 4.5289e+05 9.5895e-15
9.7989e-15 4.7291e+05 9.7993e-15
1.0013e-14 4.9381e+05 1.0014e-14
1.0232e-14 5.1564e+05 1.0233e-14
1.0456e-14 5.3843e+05 1.0457e-14
1.0685e-14 5.6222e+05 1.0685e-14
1.0919e-14 5.8707e+05 1.0919e-14
1.1157e-14 6.1301e+05 1.1158e-14
1.1402e-14 6.4010e+05 1.1402e-14
1.1651e-14 6.6839e+05 1.1651e-14
1.1906e-14 6.9793e+05 1.1906e-14
1.2166e-14 7.2877e+05 1.2167e-14
1.2432e-14 7.6097e+05 1.2433e-14
1.2704e-14 7.9460e+05 1.2705e-14
1.2982e-14 8.2971e+05 1.2983e-14
1.3266e-14 8.6637e+05 1.3267e-14
1.3556e-14 9.0466e+05 1.3557e-14
1.3853e-14 9.4463e+05 1.3854e-14
1.4156e-14 9.8637e+05 1.4157e-14
1.4466e-14 1.0299e+06 1.4466e-14
1.4782e-14 1.0755e+06 1.4783e-14
1.5106e-14 1.1230e+06 1.5106e-14
1.5436e-14 1.1726e+06 1.5437e-14
1.5774e-14 1.2244e+06 1.5774e-14
1.6119e-14 1.2785e+06 1.6119e-14
1.6471e-14 1.3350e+06 1.6472e-14
1.6832e-14 1.3939e+06 1.6832e-14
1.7200e-14 1.4555e+06 1.7200e-14
1.7576e-14 1.5198e+06 1.7577e-14
1.7961e-14 1.5869e+06 1.7961e-14
1.8353e-14 1.6570e+06 1.8354e-14
1.8755e-14 1.7302e+06 1.8756e-14
1.9165e-14 1.8066e+06 1.9166e-14
1.9584e-14 1.8864e+06 1.9585e-14
2.0013e-14 1.9697e+06 2.0014e-14
2.0451e-14 2.0567e+06 2.0451e-14
2.0898e-14 2.1476e+06 2.0899e-14
2.1355e-14 2.2424e+06 2.1356e-14
2.1822e-14 2.3414e+06 2.1823e-14
2.2300e-14 2.4448e+06 2.2301e-14
2.2788e-14 2.5528e+06 2.2788e-14
2.3286e-14 2.6655e+06 2.3287e-14
2.3795e-14 2.7832e+06 2.3796e-14
2.4316e-14 2.9061e+06 2.4317e-14
2.4848e-14 3.0344e+06 2.4849e-14
2.5391e-14 3.1683e+06 2.5392e-14
2.5947e-14 3.3082e+06 2.5948e-14
2.6514e-14 3.4542e+06 2.6515e-14
2.7094e-14 3.6067e+06 2.7096e-14
2.7687e-14 3.7659e+06 2.7688e-14
2.8293e-14 3.9321e+06 2.8294e-14
2.8912e-14 4.1057e+06 2.8913e-14
2.9544e-14 4.2869e+06 2.9545e-14
3.0190e-14 4.4761e+06 3.0192e-14
3.0851e-14 4.6736e+06 3.0852e-14
3.1526e-14 4.8798e+06 3.1527e-14
3.2215e-14 5.0952e+06 3.2217e-14
3.2920e-14 5.3200e+06 3.2921e-14
3.3640e-14 5.5547e+06 3.3642e-14
3.4376e-14 5.7998e+06 3.4378e-14
3.5128e-14 6.0557e+06 3.5130e-14
3.5897e-14 6.3228e+06 3.5898e-14
3.6682e-14 6.6017e+06 3.6683e-14
3.7484e-14 6.8929e+06 3.7486e-14
3.8304e-14 7.1969e+06 3.8306e-14
3.9142e-14 7.5143e+06 3.9144e-14
3.9998e-14 7.8457e+06 4.0000e-14
4.0873e-14 8.1917e+06 4.0875e-14
4.1768e-14 8.5529e+06 4.1769e-14
4.2681e-14 8.9300e+06 4.2683e-14
4.3615e-14 9.3238e+06 4.3617e-14
4.4569e-14 9.7348e+06 4.4571e-14
4.5544e-14 1.0164e+07 4.5546e-14
4.6540e-14 1.0612e+07 4.6542e-14
4.7558e-14 1.1080e+07 4.7560e-14
4.8599e-14 1.1568e+07 4.8601e-14
4.9662e-14 1.2078e+07 4.9664e-14
5.0748e-14 1.2610e+07 5.0750e-14
5.1858e-14 1.3166e+07 5.1860e-14
5.2993e-14 1.3746e+07 5.2995e-14
5.4152e-14 1.4351e+07 5.4154e-14
5.5337e-14 1.4984e+07 5.5339e-14
5.6547e-14 1.5644e+07 5.6549e-14
5.7784e-14 1.6333e+07 5.7786e-14
5.9048e-14 1.7052e+07 5.9050e-14
6.0340e-14 1.7803e+07 6.0342e-14
6.1660e-14 1.8587e+07 6.1662e-14
6.3009e-14 1.9405e+07 6.3011e-14
6.4387e-14 2.0259e+07 6.4389e-14
6.5795e-14 2.1151e+07 6.5798e-14
6.7235e-14 2.2082e+07 6.7237e-14
6.8706e-14 2.3054e+07 6.8708e-14
7.0208e-14 2.4068e+07 7.0211e-14
7.1744e-14 2.5127e+07 7.1747e-14
7.3314e-14 2.6233e+07 7.3317e-14
7.4918e-14 2.7387e+07 7.4920e-14
7.6556e-14 2.8591e+07 7.6559e-14
7.8231e-14 2.9849e+07 7.8234e-14
7.9942e-14 3.1161e+07 7.9946e-14
8.1691e-14 3.2531e+07 8.1694e-14
8.3478e-14 3.3961e+07 8.3481e-14
8.5304e-14 3.5454e+07 8.5308e-14
8.7170e-14 3.7012e+07 8.7174e-14
8.9077e-14 3.8639e+07 8.9081e-14
9.1026e-14 4.0336e+07 9.1029e-14
9.3017e-14 4.2108e+07 9.3021e-14
9.5052e-14 4.3958e+07 9.5056e-14
9.7131e-14 4.5888e+07 9.7135e-14
9.9256e-14 4.7903e+07 9.9260e-14
1.0143e-13 5.0007e+07 1.0143e-13
1.0365e-13 5.2202e+07 1.0365e-13
1.0591e-13 5.4493e+07 1.0592e-13
1.0823e-13 5.6884e+07 1.0823e-13
1.1060e-13 5.9380e+07 1.1060e-13
1.1302e-13 6.1984e+07 1.1302e-13
1.1549e-13 6.4703e+07 1.1549e-13
1.1802e-13 6.7540e+07 1.1802e-13
1.2060e-13 7.0501e+07 1.2060e-13
1.2324e-13 7.3592e+07 1.2324e-13
1.2593e-13 7.6817e+07 1.2594e-13
1.2869e-13 8.0182e+07 1.2869e-13
1.3150e-13 8.3695e+07 1.3151e-13
1.3438e-13 8.7361e+07 1.3438e-13
1.3732e-13 9.1186e+07 1.3732e-13
1.4032e-13 9.5178e+07 1.4033e-13
1.4339e-13 9.9343e+07 1.4340e-13
1.4653e-13 1.0369e+08 1.4653e-13
1.4973e-13 1.0823e+08 1.4974e-13
1.5301e-13 1.1296e+08 1.5301e-13
1.5636e-13 1.1790e+08 1.5636e-13
1.5978e-13 1.2305e+08 1.5978e-13
1.6327e-13 1.2843e+08 1.6328e-13
1.6684e-13 1.3404e+08 1.6685e-13
1.7049e-13 1.3990e+08 1.7050e-13
1.7422e-13 1.4601e+08 1.7423e-13
1.7803e-13 1.5238e+08 1.7804e-13
1.8193e-13 1.5903e+08 1.8193e-13
1.8591e-13 1.6597e+08 1.8591e-13
1.8997e-13 1.7321e+08 1.8998e-13
1.9413e-13 1.8076e+08 1.9414e-13
1.9838e-13 1.8864e+08 1.9838e-13
2.0272e-13 1.9686e+08 2.0272e-13
2.0715e-13 2.0544e+08 2.0716e-13
2.1168e-13 2.1438e+08 2.1169e-13
2.1631e-13 2.2371e+08 2.1632e-13
2.2104e-13 2.3345e+08 2.2105e-13
2.2588e-13 2.4360e+08 2.2589e-13
2.3082e-13 2.5420e+08 2.3083e-13
2.3587e-13 2.6525e+08 2.3588e-13
2.4103e-13 2.7677e+08 2.4104e-13
2.4630e-13 2.8879e+08 2.4631e-13
2.5169e-13 3.0133e+08 2.5170e-13
2.5720e-13 3.1441e+08 2.5721e-13
2.6282e-13 3.2804e+08 2.6283e-13
2.6857e-13 3.4227e+08 2.6858e-13
2.7445e-13 3.5710e+08 2.7446e-13
2.8045e-13 3.7257e+08 2.8046e-13
2.8659e-13 3.8871e+08 2.8660e-13
2.9286e-13 4.0553e+08 2.9287e-13
2.9926e-13 4.2307e+08 2.9927e-13
3.0581e-13 4.4137e+08 3.0582e-13
3.1250e-13 4.6044e+08 3.1251e-13
3.1933e-13 4.8033e+08 3.1935e-13
3.2632e-13 5.0106e+08 3.2633e-13
3.3346e-13 5.2268e+08 3.3347e-13
3.4075e-13 5.4522e+08 3.4077e-13
3.4821e-13 5.6872e+08 3.4822e-13
3.5582e-13 5.9322e+08 3.5584e-13
3.6361e-13 6.1875e+08 3.6362e-13
3.7156e-13 6.4537e+08 3.7158e-13
3.7969e-13 6.7312e+08 3.7970e-13
3.8800e-13 7.0204e+08 3.8801e-13
3.9648e-13 7.3219e+08 3.9650e-13
4.0516e-13 7.6360e+08 4.0517e-13
4.1402e-13 7.9635e+08 4.1403e-13
4.2308e-13 8.3047e+08 4.2309e-13
4.3233e-13 8.6603e+08 4.3235e-13
4.4179e-13 9.0309e+08 4.4180e-13
4.5145e-13 9.4170e+08 4.5147e-13
4.6133e-13 9.8193e+08 4.6135e-13
4.7142e-13 1.0239e+09 4.7144e-13
4.8173e-13 1.0675e+09 4.8175e-13
4.9227e-13 1.1130e+09 4.9229e-13
5.0304e-13 1.1604e+09 5.0306e-13
5.1404e-13 1.2098e+09 5.1406e-13
5.2529e-13 1.2612e+09 5.2531e-13
5.3678e-13 1.3148e+09 5.3680e-13
5.4852e-13 1.3706e+09 5.4854e-13
5.6052e-13 1.4287e+09 5.6054e-13
5.7278e-13 1.4892e+09 5.7280e-13
5.8531e-13 1.5522e+09 5.8533e-13
5.9812e-13 1.6178e+09 5.9814e-13
6.1120e-13 1.6861e+09 6.1122e-13
6.2457e-13 1.7572e+09 6.2459e-13
6.3823e-13 1.8312e+09 6.3826e-13
6.5220e-13 1.9083e+09 6.5222e-13
6.6646e-13 1.9885e+09 6.6649e-13
6.8104e-13 2.0720e+09 6.8107e-13
6.9594e-13 2.1589e+09 6.9596e-13
7.1116e-13 2.2493e+09 7.1119e-13
7.2672e-13 2.3434e+09 7.2675e-13
7.4262e-13 2.4413e+09 7.4264e-13
7.5886e-13 2.5431e+09 7.5889e-13
7.7546e-13 2.6491e+09 7.7549e-13
7.9243e-13 2.7593e+09 7.9245e-13
8.0365e-13 8.6329e+08 8.0365e-13
8.0897e-13 8.7406e+08 8.0897e-13
8.1432e-13 8.8496e+08 8.1432e-13
8.1970e-13 8.9599e+08 8.1971e-13
8.2513e-13 9.0715e+08 8.2513e-13
8.3058e-13 9.1845e+08 8.3059e-13
8.3608e-13 9.2988e+08 8.3608e-13
8.4161e-13 9.4145e+08 8.4161e-13
8.4718e-13 9.5315e+08 8.4718e-13
8.5278e-13 9.6500e+08 8.5278e-13
8.5842e-13 9.7699e+08 8.5842e-13
8.6410e-13 9.8912e+08 8.6410e-13
8.6982e-13 1.0014e+09 8.6982e-13
8.7557e-13 1.0138e+09 8.7557e-13
8.8136e-13 1.0264e+09 8.8136e-13
8.8719e-13 1.0391e+09 8.8720e-13
8.9306e-13 1.0520e+09 8.9306e-13
8.9897e-13 1.0650e+09 8.9897e-13
9.0492e-13 1.0782e+09 9.0492e-13
9.1090e-13 1.0915e+09 9.1090e-13
9.1693e-13 1.1050e+09 9.1693e-13
9.2299e-13 1.1187e+09 9.2300e-13
9.2910e-13 1.1325e+09 9.2910e-13
9.3524e-13 1.1465e+09 9.3525e-13
9.4143e-13 1.1606e+09 9.4143e-13
9.4766e-13 1.1749e+09 9.4766e-13
9.5393e-13 1.1894e+09 9.5393e-13
9.6024e-13 1.2041e+09 9.6024e-13
9.6659e-13 1.2189e+09 9.6659e-13
9.7298e-13 1.2339e+09 9.7299e-13
9.7942e-13 1.2491e+09 9.7942e-13
9.8590e-13 1.2644e+09 9.8590e-13
9.9242e-13 1.2799e+09 9.9242e-13
9.9899e-13 1.2957e+09 9.9899e-13
1.0056e-12 1.3116e+09 1.0056e-12
1.0122e-12 1.3276e+09 1.0122e-12
1.0189e-12 1.3439e+09 1.0189e-12
1.0257e-12 1.3604e+09 1.0257e-12
1.0325e-12 1.3770e+09 1.0325e-12
1.0393e-12 1.3939e+09 1.0393e-12
1.0462e-12 1.4109e+09 1.0462e-12
1.0531e-12 1.4282e+09 1.0531e-12
1.0601e-12 1.4456e+09 1.0601e-12
1.0671e-12 1.4633e+09 1.0671e-12
1.0741e-12 1.4811e+09 1.0741e-12
1.0812e-12 1.4992e+09 1.0812e-12
1.0884e-12 1.5174e+09 1.0884e-12
1.0956e-12 1.5359e+09 1.0956e-12
1.1028e-12 1.5546e+09 1.1028e-12
1.1101e-12 1.5735e+09 1.1101e-12
1.1175e-12 1.5926e+09 1.1175e-12
1.1249e-12 1.6120e+09 1.1249e-12
1.1323e-12 1.6315e+09 1.1323e-12
1.1398e-12 1.6513e+09 1.1398e-12
1.1473e-12 1.6713e+09 1.1473e-12
1.1549e-12 1.6916e+09 1.1549e-12
1.1626e-12 1.7121e+09 1.1626e-12
1.1703e-12 1.7328e+09 1.1703e-12
1.1780e-12 1.7537e+09 1.1780e-12
1.1858e-12 1.7749e+09 1.1858e-12
1.1936e-12 1.7964e+09 1.1936e-12
1.2015e-12 1.8180e+09 1.2015e-12
1.2095e-12 1.8399e+09 1.2095e-12
1.2175e-12 1.8621e+09 1.2175e-12
1.2255e-12 1.8845e+09 1.2255e-12
1.2336e-12 1.9072e+09 1.2336e-12
1.2418e-12 1.9301e+09 1.2418e-12
1.2500e-12 1.9533e+09 1.2500e-12
1.2583e-12 1.9768e+09 1.2583e-12
1.2666e-12 2.0005e+09 1.2666e-12
1.2750e-12 2.0245e+09 1.2750e-12
1.2834e-12 2.0487e+09 1.2834e-12
1.2919e-12 2.0732e+09 1.2919e-12
1.3005e-12 2.0980e+09 1.3005e-12
1.3091e-12 2.1231e+09 1.3091e-12
1.3177e-12 2.1485e+09 1.3177e-12
1.3264e-12 2.1741e+09 1.3264e-12
1.3352e-12 2.2000e+09 1.3352e-12
1.3440e-12 2.2262e+09 1.3440e-12
1.3529e-12 2.2527e+09 1.3529e-12
1.3619e-12 2.2795e+09 1.3619e-12
1.3709e-12 2.3066e+09 1.3709e-12
1.3800e-12 2.3340e+09 1.3800e-12
1.3891e-12 2.3617e+09 1.3891e-12
1.3983e-12 2.3897e+09 1.3983e-12
1.4075e-12 2.4180e+09 1.4075e-12
1.4168e-12 2.4466e+09 1.4168e-12
1.4262e-12 2.4755e+09 1.4262e-12
1.4356e-12 2.5048e+09 1.4356e-12
1.4451e-12 2.5344e+09 1.4451e-12
1.4547e-12 2.5642e+09 1.4547e-12
1.4643e-12 2.5945e+09 1.4643e-12
1.4740e-12 2.6250e+09 1.4740e-12
1.4838e-12 2.6559e+09 1.4838e-12
1.4936e-12 2.6871e+09 1.4936e-12
1.5035e-12 2.7186e+09 1.5035e-12
1.5134e-12 2.7505e+09 1.5134e-12
1.5234e-12 2.7828e+09 1.5234e-12
1.5335e-12 2.8153e+09 1.5335e-12
1.5436e-12 2.8483e+09 1.5436e-12
1.5538e-12 2.8816e+09 1.5538e-12
1.5641e-12 2.9152e+09 1.5641e-12
1.5745e-12 2.9492e+09 1.5745e-12
1.5849e-12 2.9836e+09 1.5849e-12
1.5954e-12 3.0183e+09 1.5954e-12
1.6059e-12 3.0534e+09 1.6059e-12
1.6165e-12 3.0889e+09 1.6166e-12
1.6272e-12 3.1247e+09 1.6272e-12
1.6380e-12 3.1610e+09 1.6380e-12
1.6488e-12 3.1976e+09 1.6488e-12
1.6597e-12 3.2346e+09 1.6598e-12
1.6707e-12 3.2720e+09 1.6707e-12
1.6818e-12 3.3097e+09 1.6818e-12
1.6929e-12 3.3479e+09 1.6929e-12
1.7041e-12 3.3865e+09 1.7041e-12
1.7154e-12 3.4255e+09 1.7154e-12
1.7267e-12 3.4648e+09 1.7267e-12
1.7381e-12 3.5046e+09 1.7381e-12
1.7496e-12 3.5448e+09 1.7496e-12
1.7612e-12 3.5854e+09 1.7612e-12
1.7729e-12 3.6265e+09 1.7729e-12
1.7846e-12 3.6679e+09 1.7846e-12
1.7964e-12 3.7098e+09 1.7964e-12
1.8083e-12 3.7521e+09 1.8083e-12
1.8202e-12 3.7949e+09 1.8202e-12
1.8323e-12 3.8381e+09 1.8323e-12
1.8444e-12 3.8817e+09 1.8444e-12
1.8566e-12 3.9258e+09 1.8566e-12
1.8689e-12 3.9703e+09 1.8689e-12
1.8813e-12 4.0152e+09 1.8813e-12
1.8937e-12 4.0606e+09 1.8937e-12
1.9062e-12 4.1065e+09 1.9062e-12
1.9188e-12 4.1529e+09 1.9188e-12
1.9315e-12 4.1996e+09 1.9315e-12
1.9443e-12 4.2469e+09 1.9443e-12
1.9572e-12 4.2946e+09 1.9572e-12
1.9701e-12 4.3428e+09 1.9701e-12
1.9831e-12 4.3915e+09 1.9831e-12
1.9963e-12 4.4407e+09 1.9963e-12
2.0095e-12 4.4903e+09 2.0095e-12
2.0228e-12 4.5405e+09 2.0228e-12
2.0361e-12 4.5911e+09 2.0361e-12
2.0496e-12 4.6422e+09 2.0496e-12
2.0632e-12 4.6939e+09 2.0632e-12
2.0768e-12 4.7460e+09 2.0768e-12
2.0906e-12 4.7986e+09 2.0906e-12
2.1044e-12 4.8517e+09 2.1044e-12
2.1183e-12 4.9054e+09 2.1183e-12
2.1323e-12 4.9595e+09 2.1323e-12
2.1464e-12 5.0142e+09 2.1464e-12
2.1606e-12 5.0694e+09 2.1606e-12
2.1749e-12 5.1251e+09 2.1749e-12
2.1893e-12 5.1814e+09 2.1893e-12
2.2038e-12 5.2382e+09 2.2038e-12
2.2184e-12 5.2955e+09 2.2184e-12
2.2330e-12 5.3534e+09 2.2330e-12
2.2478e-12 5.4118e+09 2.2478e-12
2.2627e-12 5.4707e+09 2.2627e-12
2.2776e-12 5.5302e+09 2.2776e-12
2.2927e-12 5.5902e+09 2.2927e-12
2.3079e-12 5.6508e+09 2.3079e-12
2.3231e-12 5.7120e+09 2.3231e-12
2.3385e-12 5.7737e+09 2.3385e-12
2.3540e-12 5.8360e+09 2.3540e-12
2.3696e-12 5.8988e+09 2.3696e-12
2.3852e-12 5.9622e+09 2.3852e-12
2.4010e-12 6.0262e+09 2.4010e-12
2.4169e-12 6.0908e+09 2.4169e-12
2.4329e-12 6.1559e+09 2.4329e-12
2.4490e-12 6.2216e+09 2.4490e-12
2.4652e-12 6.2879e+09 2.4652e-12
2.4815e-12 6.3548e+09 2.4815e-12
2.4979e-12 6.4223e+09 2.4979e-12
2.5144e-12 6.4903e+09 2.5144e-12
2.5310e-12 6.5590e+09 2.5311e-12
2.5478e-12 6.6283e+09 2.5478e-12
2.5646e-12 6.6981e+09 2.5646e-12
2.5816e-12 6.7686e+09 2.5816e-12
2.5987e-12 6.8397e+09 2.5987e-12
2.6159e-12 6.9113e+09 2.6159e-12
2.6332e-12 6.9836e+09 2.6332e-12
2.6506e-12 7.0565e+09 2.6506e-12
2.6681e-12 7.1300e+09 2.6681e-12
2.6858e-12 7.2042e+09 2.6858e-12
2.7035e-12 7.2789e+09 2.7036e-12
2.7214e-12 7.3543e+09 2.7214e-12
2.7394e-12 7.4303e+09 2.7394e-12
2.7576e-12 7.5069e+09 2.7576e-12
2.7758e-12 7.5841e+09 2.7758e-12
2.7942e-12 7.6620e+09 2.7942e-12
2.8126e-12 7.7405e+09 2.8126e-12
2.8312e-12 7.8196e+09 2.8313e-12
2.8500e-12 7.8994e+09 2.8500e-12
2.8688e-12 7.9798e+09 2.8688e-12
2.8878e-12 8.0608e+09 2.8878e-12
2.9069e-12 8.1425e+09 2.9069e-12
2.9261e-12 8.2248e+09 2.9261e-12
2.9455e-12 8.3078e+09 2.9455e-12
2.9650e-12 8.3914e+09 2.9650e-12
2.9846e-12 8.4756e+09 2.9846e-12
3.0043e-12 8.5605e+09 3.0043e-12
3.0242e-12 8.6460e+09 3.0242e-12
3.0442e-12 8.7322e+09 3.0442e-12
3.0644e-12 8.8190e+09 3.0644e-12
3.0846e-12 8.9064e+09 3.0846e-12
3.1050e-12 8.9945e+09 3.1050e-12
3.1256e-12 9.0833e+09 3.1256e-12
3.1462e-12 9.1727e+09 3.1463e-12
3.1671e-12 9.2627e+09 3.1671e-12
3.1880e-12 9.3534e+09 3.1880e-12
3.2091e-12 9.4447e+09 3.2091e-12
3.2303e-12 9.5367e+09 3.2303e-12
3.2517e-12 9.6293e+09 3.2517e-12
3.2732e-12 9.7225e+09 3.2732e-12
3.2949e-12 9.8164e+09 3.2949e-12
3.3167e-12 9.9110e+09 3.3167e-12
3.3386e-12 1.0006e+10 3.3386e-12
3.3607e-12 1.0102e+10 3.3607e-12
3.3829e-12 1.0198e+10 3.3829e-12
3.4053e-12 1.0296e+10 3.4053e-12
3.4278e-12 1.0393e+10 3.4278e-12
3.4505e-12 1.0492e+10 3.4505e-12
3.4733e-12 1.0591e+10 3.4733e-12
3.4963e-12 1.0690e+10 3.4963e-12
3.5194e-12 1.0791e+10 3.5194e-12
3.5427e-12 1.0891e+10 3.5427e-12
3.5661e-12 1.0993e+10 3.5661e-12
3.5897e-12 1.1095e+10 3.5897e-12
3.6135e-12 1.1198e+10 3.6135e-12
3.6374e-12 1.1301e+10 3.6374e-12
3.6614e-12 1.1405e+10 3.6614e-12
3.6857e-12 1.1510e+10 3.6857e-12
3.7100e-12 1.1615e+10 3.7100e-12
3.7346e-12 1.1721e+10 3.7346e-12
3.7593e-12 1.1827e+10 3.7593e-12
3.7841e-12 1.1934e+10 3.7842e-12
3.8092e-12 1.2041e+10 3.8092e-12
3.8344e-12 1.2150e+10 3.8344e-12
3.8597e-12 1.2258e+10 3.8597e-12
3.8853e-12 1.2368e+10 3.8853e-12
3.9110e-12 1.2477e+10 3.9110e-12
3.9368e-12 1.2588e+10 3.9369e-12
3.9629e-12 1.2699e+10 3.9629e-12
3.9891e-12 1.2810e+10 3.9891e-12
4.0155e-12 1.2922e+10 4.0155e-12
4.0421e-12 1.3035e+10 4.0421e-12
4.0688e-12 1.3148e+10 4.0688e-12
4.0957e-12 1.3261e+10 4.0957e-12
4.1228e-12 1.3376e+10 4.1228e-12
4.1501e-12 1.3490e+10 4.1501e-12
4.1775e-12 1.3605e+10 4.1775e-12
4.2052e-12 1.3721e+10 4.2052e-12
4.2330e-12 1.3837e+10 4.2330e-12
4.2610e-12 1.3954e+10 4.2610e-12
4.2892e-12 1.4071e+10 4.2892e-12
4.3175e-12 1.4188e+10 4.3175e-12
4.3461e-12 1.4306e+10 4.3461e-12
4.3749e-12 1.4425e+10 4.3749e-12
4.4038e-12 1.4543e+10 4.4038e-12
4.4329e-12 1.4663e+10 4.4329e-12
4.4622e-12 1.4782e+10 4.4622e-12
4.4918e-12 1.4902e+10 4.4918e-12
4.5215e-12 1.5023e+10 4.5215e-12
4.5514e-12 1.5143e+10 4.5514e-12
4.5815e-12 1.5265e+10 4.5815e-12
4.6118e-12 1.5386e+10 4.6118e-12
4.6423e-12 1.5508e+10 4.6423e-12
4.6730e-12 1.5630e+10 4.6730e-12
4.7039e-12 1.5753e+10 4.7039e-12
4.7350e-12 1.5875e+10 4.7350e-12
4.7664e-12 1.5998e+10 4.7664e-12
4.7979e-12 1.6122e+10 4.7979e-12
4.8296e-12 1.6245e+10 4.8296e-12
4.8616e-12 1.6369e+10 4.8616e-12
4.8937e-12 1.6493e+10 4.8937e-12
4.9261e-12 1.6618e+10 4.9261e-12
4.9587e-12 1.6742e+10 4.9587e-12
4.9915e-12 1.6867e+10 4.9915e-12
5.0245e-12 1.6991e+10 5.0245e-12
5.0578e-12 1.7116e+10 5.0578e-12
5.0912e-12 1.7242e+10 5.0912e-12
5.1249e-12 1.7367e+10 5.1249e-12
5.1588e-12 1.7492e+10 5.1588e-12
5.1929e-12 1.7617e+10 5.1929e-12
5.2273e-12 1.7743e+10 5.2273e-12
5.2619e-12 1.7868e+10 5.2619e-12
5.2967e-12 1.7994e+10 5.2967e-12
5.3317e-12 1.8119e+10 5.3317e-12
5.3670e-12 1.8245e+10 5.3670e-12
5.4025e-12 1.8370e+10 5.4025e-12
5.4382e-12 1.8496e+10 5.4382e-12
5.4742e-12 1.8621e+10 5.4742e-12
5.5104e-12 1.8747e+10 5.5104e-12
5.5468e-12 1.8872e+10 5.5468e-12
5.5835e-12 1.8997e+10 5.5835e-12
5.6205e-12 1.9121e+10 5.6205e-12
5.6577e-12 1.9246e+10 5.6577e-12
5.6951e-12 1.9371e+10 5.6951e-12
5.7328e-12 1.9495e+10 5.7327e-12
5.7707e-12 1.9619e+10 5.7707e-12
5.8088e-12 1.9742e+10 5.8088e-12
5.8473e-12 1.9866e+10 5.8473e-12
5.8860e-12 1.9989e+10 5.8860e-12
5.9249e-12 2.0112e+10 5.9249e-12
5.9641e-12 2.0234e+10 5.9641e-12
6.0035e-12 2.0356e+10 6.0035e-12
6.0432e-12 2.0477e+10 6.0432e-12
6.0832e-12 2.0598e+10 6.0832e-12
6.1235e-12 2.0719e+10 6.1235e-12
6.1640e-12 2.0839e+10 6.1640e-12
6.2047e-12 2.0958e+10 6.2047e-12
6.2458e-12 2.1077e+10 6.2458e-12
6.2871e-12 2.1196e+10 6.2871e-12
6.3287e-12 2.1313e+10 6.3287e-12
6.3706e-12 2.1431e+10 6.3706e-12
6.4127e-12 2.1547e+10 6.4127e-12
6.4551e-12 2.1663e+10 6.4551e-12
6.4978e-12 2.1778e+10 6.4978e-12
6.5408e-12 2.1892e+10 6.5408e-12
6.5841e-12 2.2005e+10 6.5841e-12
6.6276e-12 2.2118e+10 6.6276e-12
6.6715e-12 2.2230e+10 6.6715e-12
6.7156e-12 2.2340e+10 6.7156e-12
6.7600e-12 2.2450e+10 6.7600e-12
6.8047e-12 2.2559e+10 6.8047e-12
6.8498e-12 2.2667e+10 6.8497e-12
6.8951e-12 2.2774e+10 6.8951e-12
6.9407e-12 2.2880e+10 6.9407e-12
6.9866e-12 2.2985e+10 6.9866e-12
7.0328e-12 2.3089e+10 7.0328e-12
7.0793e-12 2.3191e+10 7.0793e-12
7.1262e-12 2.3293e+10 7.1262e-12
7.1733e-12 2.3393e+10 7.1733e-12
7.2208e-12 2.3492e+10 7.2207e-12
7.2685e-12 2.3589e+10 7.2685e-12
7.3166e-12 2.3686e+10 7.3166e-12
7.3650e-12 2.3781e+10 7.3650e-12
7.4137e-12 2.3874e+10 7.4137e-12
7.4628e-12 2.3967e+10 7.4627e-12
7.5121e-12 2.4057e+10 7.5121e-12
7.5618e-12 2.4147e+10 7.5618e-12
7.6118e-12 2.4234e+10 7.6118e-12
7.6622e-12 2.4321e+10 7.6622e-12
7.7129e-12 2.4405e+10 7.7129e-12
7.7639e-12 2.4488e+10 7.7639e-12
7.8153e-12 2.4569e+10 7.8152e-12
7.8670e-12 2.4649e+10 7.8669e-12
7.9190e-12 2.4727e+10 7.9190e-12
7.9714e-12 2.4803e+10 7.9714e-12
8.0241e-12 2.4877e+10 8.0241e-12
8.0772e-12 2.4950e+10 8.0772e-12
8.1306e-12 2.5020e+10 8.1306e-12
8.1844e-12 2.5089e+10 8.1844e-12
8.2385e-12 2.5156e+10 8.2385e-12
8.2930e-12 2.5221e+10 8.2930e-12
8.3479e-12 2.5284e+10 8.3479e-12
8.4031e-12 2.5344e+10 8.4031e-12
8.4587e-12 2.5403e+10 8.4587e-12
8.5147e-12 2.5460e+10 8.5146e-12
8.5710e-12 2.5514e+10 8.5710e-12
8.6277e-12 2.5566e+10 8.6277e-12
8.6848e-12 2.5616e+10 8.6847e-12
8.7422e-12 2.5664e+10 8.7422e-12
8.8000e-12 2.5710e+10 8.8000e-12
8.8583e-12 2.5753e+10 8.8582e-12
8.9169e-12 2.5794e+10 8.9168e-12
8.9758e-12 2.5832e+10 8.9758e-12
9.0352e-12 2.5868e+10 9.0352e-12
9.0950e-12 2.5902e+10 9.0950e-12
9.1551e-12 2.5933e+10 9.1551e-12
9.2157e-12 2.5962e+10 9.2157e-12
9.2767e-12 2.5988e+10 9.2766e-12
9.3380e-12 2.6012e+10 9.3380e-12
9.3998e-12 2.6033e+10 9.3998e-12
9.4620e-12 2.6051e+10 9.4620e-12
9.5246e-12 2.6067e+10 9.5245e-12
9.5876e-12 2.6080e+10 9.5876e-12
9.6510e-12 2.6091e+10 9.6510e-12
9.7148e-12 2.6099e+10 9.7148e-12
9.7791e-12 2.6104e+10 9.7791e-12
9.8438e-12 2.6106e+10 9.8438e-12
9.9089e-12 2.6105e+10 9.9089e-12
9.9745e-12 2.6102e+10 9.9744e-12
1.0040e-11 2.6096e+10 1.0040e-11
1.0107e-11 2.6087e+10 1.0107e-11
1.0174e-11 2.6075e+10 1.0174e-11
1.0241e-11 2.6060e+10 1.0241e-11
1.0309e-11 2.6042e+10 1.0309e-11
1.0377e-11 2.6021e+10 1.0377e-11
1.0446e-11 2.5998e+10 1.0446e-11
1.0515e-11 2.5971e+10 1.0515e-11
1.0584e-11 2.5942e+10 1.0584e-11
1.0654e-11 2.5909e+10 1.0654e-11
1.0725e-11 2.5873e+10 1.0725e-11
1.0796e-11 2.5835e+10 1.0796e-11
1.0867e-11 2.5793e+10 1.0867e-11
1.0939e-11 2.5748e+10 1.0939e-11
1.1011e-11 2.5701e+10 1.1011e-11
1.1084e-11 2.5650e+10 1.1084e-11
1.1158e-11 2.5596e+10 1.1157e-11
1.1231e-11 2.5539e+10 1.1231e-11
1.1306e-11 2.5479e+10 1.1306e-11
1.1380e-11 2.5416e+10 1.1380e-11
1.1456e-11 2.5350e+10 1.1456e-11
1.1531e-11 2.5280e+10 1.1531e-11
1.1608e-11 2.5208e+10 1.1608e-11
1.1685e-11 2.5132e+10 1.1684e-11
1.1762e-11 2.5054e+10 1.1762e-11
1.1840e-11 2.4972e+10 1.1840e-11
1.1918e-11 2.4887e+10 1.1918e-11
1.1997e-11 2.4800e+10 1.1997e-11
1.2076e-11 2.4709e+10 1.2076e-11
1.2156e-11 2.4615e+10 1.2156e-11
1.2236e-11 2.4518e+10 1.2236e-11
1.2317e-11 2.4418e+10 1.2317e-11
1.2399e-11 2.4315e+10 1.2399e-11
1.2481e-11 2.4209e+10 1.2481e-11
1.2563e-11 2.4100e+10 1.2563e-11
1.2647e-11 2.3988e+10 1.2646e-11
1.2730e-11 2.3873e+10 1.2730e-11
1.2814e-11 2.3755e+10 1.2814e-11
1.2899e-11 2.3634e+10 1.2899e-11
1.2985e-11 2.3511e+10 1.2984e-11
1.3070e-11 2.3384e+10 1.3070e-11
1.3157e-11 2.3255e+10 1.3157e-11
1.3244e-11 2.3123e+10 1.3244e-11
1.3332e-11 2.2988e+10 1.3331e-11
1.3420e-11 2.2850e+10 1.3420e-11
1.3508e-11 2.2710e+10 1.3508e-11
1.3598e-11 2.2566e+10 1.3598e-11
1.3688e-11 2.2421e+10 1.3688e-11
1.3778e-11 2.2272e+10 1.3778e-11
1.3869e-11 2.2121e+10 1.3869e-11
1.3961e-11 2.1968e+10 1.3961e-11
1.4054e-11 2.1812e+10 1.4053e-11
1.4147e-11 2.1653e+10 1.4146e-11
1.4240e-11 2.1492e+10 1.4240e-11
1.4334e-11 2.1329e+10 1.4334e-11
1.4429e-11 2.1163e+10 1.4429e-11
1.4525e-11 2.0996e+10 1.4524e-11
1.4621e-11 2.0825e+10 1.4621e-11
1.4717e-11 2.0653e+10 1.4717e-11
1.4815e-11 2.0479e+10 1.4815e-11
1.4913e-11 2.0302e+10 1.4913e-11
1.5011e-11 2.0124e+10 1.5011e-11
1.5111e-11 1.9943e+10 1.5111e-11
1.5211e-11 1.9761e+10 1.5211e-11
1.5311e-11 1.9576e+10 1.5311e-11
1.5413e-11 1.9390e+10 1.5412e-11
1.5515e-11 1.9202e+10 1.5514e-11
1.5617e-11 1.9013e+10 1.5617e-11
1.5720e-11 1.8821e+10 1.5720e-11
1.5824e-11 1.8628e+10 1.5824e-11
1.5929e-11 1.8434e+10 1.5929e-11
1.6034e-11 1.8238e+10 1.6034e-11
1.6141e-11 1.8041e+10 1.6140e-11
1.6247e-11 1.7843e+10 1.6247e-11
1.6355e-11 1.7643e+10 1.6355e-11
1.6463e-11 1.7442e+10 1.6463e-11
1.6572e-11 1.7240e+10 1.6572e-11
1.6682e-11 1.7037e+10 1.6681e-11
1.6792e-11 1.6833e+10 1.6792e-11
1.6903e-11 1.6628e+10 1.6903e-11
1.7015e-11 1.6422e+10 1.7015e-11
1.7127e-11 1.6215e+10 1.7127e-11
1.7241e-11 1.6008e+10 1.7240e-11
1.7355e-11 1.5800e+10 1.7354e-11
1.7469e-11 1.5592e+10 1.7469e-11
1.7585e-11 1.5383e+10 1.7585e-11
1.7701e-11 1.5173e+10 1.7701e-11
1.7818e-11 1.4963e+10 1.7818e-11
1.7936e-11 1.4753e+10 1.7936e-11
1.8055e-11 1.4543e+10 1.8055e-11
1.8174e-11 1.4332e+10 1.8174e-11
1.8295e-11 1.4122e+10 1.8294e-11
1.8416e-11 1.3911e+10 1.8415e-11
1.8537e-11 1.3701e+10 1.8537e-11
1.8660e-11 1.3491e+10 1.8660e-11
1.8784e-11 1.3281e+10 1.8783e-11
1.8908e-11 1.3071e+10 1.8908e-11
1.9033e-11 1.2861e+10 1.9033e-11
1.9159e-11 1.2652e+10 1.9159e-11
1.9285e-11 1.2444e+10 1.9285e-11
1.9413e-11 1.2236e+10 1.9413e-11
1.9541e-11 1.2028e+10 1.9541e-11
1.9671e-11 1.1822e+10 1.9670e-11
1.9801e-11 1.1616e+10 1.9801e-11
1.9932e-11 1.1410e+10 1.9932e-11
2.0064e-11 1.1206e+10 2.0063e-11
2.0196e-11 1.1003e+10 2.0196e-11
2.0330e-11 1.0801e+10 2.0330e-11
2.0465e-11 1.0600e+10 2.0464e-11
2.0600e-11 1.0400e+10 2.0600e-11
2.0736e-11 1.0201e+10 2.0736e-11
2.0873e-11 1.0003e+10 2.0873e-11
2.1011e-11 9.8068e+09 2.1011e-11
2.1150e-11 9.6119e+09 2.1150e-11
2.1290e-11 9.4185e+09 2.1290e-11
2.1431e-11 9.2265e+09 2.1431e-11
2.1573e-11 9.0360e+09 2.1573e-11
